				Max 		|	Min 		|	Mean 		|	Deviation 	|	Time	
	tsp:		109.12745170283	|	98.350151125067	|	104.40008555797	|	3.6963250720483	|	653.96760471999
regression:		2.6860099700277	|	1.7593158381426	|	2.2686966848034	|	0.4062526598547	|	433.72260002
classification:	0.8033333333333	|	0.7833333333333	|	0.7899999999999	|	0.0069920589878	|	185.12673858
